action_recognition:0.18614618839
temporal_segmentation:0.089389146288
