diagram:0.244875943905
text:0.232990506329
overall:0.239216424939
overall_text:0.232990506329
