diagram:0.232990506329
text:0.244875943905
overall:0.239216424939
