MAP:0.1836852884
WAP:0.260323996122
